15
reference  0.0000000 4.5888583 4.7602298 4.6523377 4.6360730 4.6360730 4.6875031 4.6956557 4.7485601 4.6228460 4.6523377 4.6707390 4.6523377 4.5835246 4.5248193 
F10_191_1  4.5888583 0.0000000 0.0045194 0.0045030 0.0014985 0.0014985 0.0030030 0.0045078 0.0060213 0.0030045 0.0045030 0.0030045 0.0045030 0.0015236 0.0015259 
F11_191_2  4.7602298 0.0045194 0.0000000 0.0060279 0.0030094 0.0030094 0.0045224 0.0060343 0.0075567 0.0045243 0.0060279 0.0045243 0.0060279 0.0030601 0.0030648 
F12_191_3  4.6523377 0.0045030 0.0060279 0.0000000 0.0029985 0.0029985 0.0045059 0.0060121 0.0075291 0.0045078 0.0060059 0.0045078 0.0060059 0.0030487 0.0030534 
F1_185_1   4.6360730 0.0014985 0.0030094 0.0029985 0.0000000 0.0000010 0.0014997 0.0030017 0.0045107 0.0015008 0.0029985 0.0015008 0.0029985 0.0000010 0.0000010 
F2_185_2   4.6360730 0.0014985 0.0030094 0.0029985 0.0000010 0.0000000 0.0014997 0.0030017 0.0045107 0.0015008 0.0029985 0.0015008 0.0029985 0.0000010 0.0000010 
F3_185_3   4.6875031 0.0030030 0.0045224 0.0045059 0.0014997 0.0014997 0.0000000 0.0045107 0.0060253 0.0030062 0.0045059 0.0030062 0.0045059 0.0015249 0.0015272 
F4_188_1   4.6956557 0.0045078 0.0060343 0.0060121 0.0030017 0.0030017 0.0045107 0.0000000 0.0075372 0.0045127 0.0060121 0.0045127 0.0060121 0.0030521 0.0030567 
F5_188_2   4.7485601 0.0060213 0.0075567 0.0075291 0.0045107 0.0045107 0.0060253 0.0075372 0.0000000 0.0060279 0.0075291 0.0060279 0.0075291 0.0045866 0.0045936 
F6_188_3   4.6228460 0.0030045 0.0045243 0.0045078 0.0015008 0.0015008 0.0030062 0.0045127 0.0060279 0.0000000 0.0045078 0.0030075 0.0045078 0.0015259 0.0015283 
F7_189_1   4.6523377 0.0045030 0.0060279 0.0060059 0.0029985 0.0029985 0.0045059 0.0060121 0.0075291 0.0045078 0.0000000 0.0000010 0.0000010 0.0030487 0.0030534 
F8_189_2   4.6707390 0.0030045 0.0045243 0.0045078 0.0015008 0.0015008 0.0030062 0.0045127 0.0060279 0.0030075 0.0000010 0.0000000 0.0000010 0.0015259 0.0015283 
F9_189_3   4.6523377 0.0045030 0.0060279 0.0060059 0.0029985 0.0029985 0.0045059 0.0060121 0.0075291 0.0045078 0.0000010 0.0000010 0.0000000 0.0030487 0.0030534 
S4_48_1    4.5835246 0.0015236 0.0030601 0.0030487 0.0000010 0.0000010 0.0015249 0.0030521 0.0045866 0.0015259 0.0030487 0.0015259 0.0030487 0.0000000 0.0000010 
S6_48_3    4.5248193 0.0015259 0.0030648 0.0030534 0.0000010 0.0000010 0.0015272 0.0030567 0.0045936 0.0015283 0.0030534 0.0015283 0.0030534 0.0000010 0.0000000 
